112
198
169
148
122
180
183
143
175
124
119
189
113
122
191
169
135
154
153
144
111
125
179
148
182
109
100
117
148
185
171
110
101
125
145
188
103
172
119
179
192
168
190
130
185
106
197
145
157
144
183
139
126
133
143
153
136
150
136
123
184
141
119
180
116
158
128
100
139
118
100
141
108
179
174
153
144
130
172
150
150
167
179
152
148
126
101
124
107
124
145
122
107
160
186
106
114
178
109
146
122
183
120
110
100
113
149
181
130
107
171
110
169
142
185
154
131
133
175
178
199
143
104
107
172
109
195
127
190
158
134
112
128
190
106
127
149
193
114
172
181
196
173
112
165
192
160
144
166
113
114
104
126
147
122
155
112
110
138
179
176
143
191
131
163
165
197
170
197
142
199
138
107
157
136
158
134
110
181
150
188
116
150
191
151
123
148
137
110
140
155
156
189
153
160
113
123
160
122
199
174
152
